

S-BOX NUMBER 1 24, 31, 119, 83, 134, 78, 196, 38, 34, 117, 152, 15, 136, 102, 199, 40, 44, 150, 39, 121, 37, 61, 17, 13, 155, 159, 255, 76, 250, 68, 163, 0, 237, 204, 43, 72, 179, 224, 214, 30, 46, 63, 84, 215, 51, 225, 65, 45, 87, 249, 161, 120, 133, 116, 146, 231, 138, 172, 86, 192, 113, 143, 166, 151, 82, 235, 198, 55, 36, 217, 62, 145, 88, 59, 154, 2, 79, 10, 89, 142, 19, 220, 168, 64, 48, 41, 229, 11, 118, 208, 95, 140, 100, 238, 160, 126, 27, 230, 47, 131, 110, 25, 115, 171, 181, 53, 114, 3, 21, 108, 178, 9, 253, 169, 183, 70, 158, 251, 105, 128, 71, 50, 194, 228, 124, 67, 226, 69, 137, 129, 52, 222, 109, 200, 96, 80, 57, 73, 93, 162, 14, 112, 132, 213, 157, 111, 104, 98, 103, 187, 244, 23, 97, 247, 186, 16, 239, 54, 180, 141, 74, 164, 189, 7, 221, 234, 190, 185, 176, 135, 123, 125, 211, 12, 175, 56, 106, 174, 201, 28, 191, 32, 130, 240, 165, 81, 149, 99, 170, 127, 77, 29, 184, 245, 232, 197, 153, 173, 22, 207, 60, 58, 156, 49, 66, 167, 216, 205, 122, 147, 227, 18, 139, 241, 85, 246, 193, 144, 218, 91, 236, 92, 75, 4, 101, 233, 26, 202, 212, 210, 148, 42, 206, 33, 254, 223, 94, 219, 195, 8, 107, 5, 20, 182, 177, 252, 6, 1, 243, 188, 248, 203, 209, 90, 35, 242, 

Uniq linear functions = 255 

Linear redundancy = 0 

____________________________________________________________________


S-BOX NUMBER 2 27, 28, 63, 82, 208, 164, 236, 183, 162, 112, 4, 59, 242, 43, 22, 129, 234, 37, 189, 11, 17, 158, 207, 163, 64, 215, 250, 8, 237, 198, 144, 101, 187, 229, 211, 245, 61, 14, 139, 117, 5, 102, 160, 46, 1, 127, 214, 83, 116, 231, 66, 255, 15, 49, 40, 118, 115, 80, 235, 149, 86, 176, 2, 206, 73, 191, 81, 194, 95, 174, 247, 32, 200, 217, 53, 57, 7, 113, 226, 125, 210, 123, 34, 84, 135, 120, 165, 107, 119, 209, 153, 21, 89, 50, 147, 71, 18, 171, 223, 121, 122, 54, 70, 222, 141, 225, 109, 224, 48, 151, 169, 130, 184, 227, 44, 103, 36, 143, 155, 199, 132, 9, 241, 31, 77, 221, 85, 219, 142, 98, 88, 104, 13, 146, 145, 94, 248, 0, 91, 76, 23, 110, 244, 196, 38, 213, 126, 10, 148, 243, 58, 96, 41, 204, 97, 79, 180, 93, 62, 99, 6, 75, 52, 167, 39, 74, 26, 205, 159, 3, 173, 175, 68, 124, 202, 240, 33, 137, 72, 178, 105, 252, 181, 25, 111, 42, 190, 186, 106, 249, 185, 55, 92, 19, 166, 45, 172, 233, 67, 65, 56, 131, 192, 152, 138, 30, 20, 51, 161, 69, 246, 114, 201, 188, 29, 157, 150, 228, 24, 134, 254, 197, 179, 133, 47, 90, 218, 35, 216, 136, 212, 170, 168, 108, 253, 195, 239, 193, 251, 156, 238, 78, 154, 230, 177, 203, 60, 232, 182, 87, 128, 16, 140, 100, 220, 12, 

Uniq linear functions = 255 

Linear redundancy = 0 

____________________________________________________________________


S-BOX NUMBER 3 37, 17, 152, 80, 176, 169, 102, 105, 33, 100, 72, 191, 98, 18, 39, 175, 48, 49, 185, 215, 8, 196, 61, 216, 141, 13, 34, 208, 241, 66, 166, 171, 78, 12, 145, 183, 84, 189, 115, 111, 82, 144, 214, 245, 246, 253, 180, 95, 15, 218, 21, 2, 16, 89, 92, 108, 23, 162, 207, 32, 4, 143, 205, 242, 120, 87, 125, 197, 226, 97, 79, 119, 155, 7, 20, 110, 127, 126, 250, 117, 19, 193, 243, 25, 38, 122, 91, 238, 128, 234, 164, 167, 57, 210, 71, 252, 231, 156, 129, 248, 146, 116, 173, 147, 6, 44, 182, 150, 41, 203, 101, 202, 254, 134, 69, 220, 31, 14, 240, 86, 228, 235, 255, 40, 154, 181, 114, 236, 221, 123, 184, 168, 1, 121, 212, 62, 96, 11, 148, 52, 251, 163, 178, 10, 107, 247, 130, 106, 113, 45, 186, 135, 213, 51, 170, 103, 81, 30, 200, 73, 55, 76, 239, 187, 118, 88, 0, 28, 224, 42, 50, 206, 211, 244, 83, 140, 229, 194, 137, 75, 179, 124, 58, 68, 199, 230, 160, 227, 5, 29, 132, 223, 149, 67, 222, 249, 27, 70, 104, 204, 201, 36, 225, 157, 24, 190, 85, 77, 192, 217, 46, 161, 9, 3, 233, 22, 172, 232, 65, 93, 151, 219, 26, 35, 209, 139, 94, 56, 198, 165, 90, 109, 133, 53, 59, 63, 153, 112, 158, 136, 131, 47, 237, 43, 195, 64, 142, 138, 74, 54, 99, 174, 188, 177, 60, 159, 
