

PSO S-boxes

252, 124, 119, 123, 242, 107, 111, 197, 48, 1, 103, 43, 254, 215, 171, 118, 202, 130, 201, 125, 250, 89, 71, 240, 173, 212, 162, 175, 156, 164, 114, 192, 183, 253, 147, 38, 54, 63, 247, 204, 52, 165, 229, 241, 113, 216, 49, 21, 4, 199, 35, 195, 24, 150, 5, 154, 7, 18, 128, 226, 235, 39, 178, 117, 9, 131, 44, 26, 27, 110, 90, 160, 82, 59, 214, 179, 41, 227, 47, 132, 83, 209, 0, 237, 32, 146, 177, 91, 106, 203, 190, 57, 74, 76, 88, 207, 208, 239, 170, 251, 67, 77, 51, 133, 69, 249, 2, 127, 80, 60, 159, 168, 81, 163, 64, 143, 234, 157, 56, 245, 188, 182, 218, 33, 16, 255, 243, 210, 205, 12, 19, 236, 95, 151, 68, 23, 196, 167, 126, 61, 100, 93, 25, 115, 96, 129, 79, 220, 34, 42, 144, 136, 70, 238, 184, 20, 222, 94, 11, 219, 224, 50, 58, 10, 73, 6, 36, 92, 194, 211, 172, 98, 145, 149, 228, 121, 231, 200, 55, 109, 141, 213, 78, 169, 108, 86, 244, 189, 101, 122, 174, 8, 186, 120, 37, 46, 28, 166, 180, 198, 232, 221, 116, 31, 75, 135, 139, 138, 112, 62, 181, 102, 72, 3, 246, 14, 97, 53, 87, 185, 134, 193, 29, 158, 225, 248, 152, 17, 105, 217, 142, 148, 155, 30, 176, 233, 206, 85, 40, 223, 140, 161, 137, 13, 191, 230, 66, 104, 65, 153, 45, 15, 187, 84, 99, 22, 

214, 124, 250, 123, 242, 107, 111, 197, 199, 1, 103, 155, 254, 215, 171, 118, 62, 130, 201, 125, 119, 89, 71, 240, 173, 233, 162, 175, 156, 164, 114, 192, 178, 253, 147, 38, 54, 63, 79, 204, 52, 165, 229, 241, 113, 33, 49, 21, 4, 48, 35, 195, 24, 150, 5, 154, 7, 18, 128, 226, 235, 39, 183, 117, 9, 131, 44, 26, 27, 110, 90, 160, 82, 59, 145, 179, 41, 227, 47, 132, 83, 209, 0, 237, 32, 53, 177, 91, 106, 203, 190, 57, 74, 76, 88, 207, 208, 239, 170, 251, 67, 77, 51, 133, 69, 249, 2, 127, 80, 60, 159, 168, 81, 163, 64, 143, 198, 157, 56, 245, 188, 182, 218, 216, 16, 255, 243, 210, 205, 12, 19, 236, 95, 151, 68, 23, 196, 167, 126, 61, 100, 93, 25, 115, 96, 129, 247, 220, 34, 42, 144, 136, 70, 238, 184, 20, 222, 94, 11, 219, 224, 50, 58, 10, 73, 6, 36, 92, 194, 211, 172, 98, 87, 149, 228, 121, 231, 200, 55, 109, 141, 213, 78, 169, 108, 86, 244, 66, 101, 122, 174, 8, 186, 120, 37, 46, 28, 166, 180, 135, 232, 221, 116, 31, 75, 223, 139, 138, 112, 202, 181, 102, 72, 3, 246, 14, 97, 134, 15, 185, 99, 193, 29, 158, 225, 248, 152, 17, 105, 217, 142, 148, 43, 30, 206, 212, 146, 85, 40, 104, 140, 161, 137, 13, 191, 230, 45, 234, 65, 153, 252, 22, 189, 84, 187, 176, 

204, 124, 119, 123, 242, 107, 57, 201, 130, 1, 103, 171, 254, 72, 43, 137, 202, 48, 129, 125, 250, 89, 71, 240, 173, 212, 162, 21, 156, 44, 114, 192, 105, 253, 147, 38, 54, 31, 220, 247, 52, 146, 229, 249, 113, 216, 217, 175, 4, 199, 35, 195, 24, 150, 5, 154, 7, 18, 128, 226, 235, 39, 178, 117, 9, 131, 164, 26, 27, 110, 90, 160, 82, 59, 214, 179, 41, 227, 47, 132, 83, 209, 0, 237, 32, 180, 177, 91, 165, 203, 190, 111, 74, 76, 88, 207, 208, 239, 170, 251, 67, 77, 51, 133, 69, 241, 2, 127, 80, 60, 159, 168, 81, 163, 64, 143, 206, 157, 56, 245, 188, 182, 218, 33, 16, 255, 243, 210, 205, 12, 19, 236, 95, 151, 68, 23, 196, 167, 126, 61, 100, 93, 25, 115, 96, 197, 79, 20, 34, 42, 144, 136, 70, 238, 184, 140, 222, 94, 11, 219, 224, 50, 58, 10, 73, 6, 36, 92, 194, 211, 172, 98, 145, 149, 228, 121, 231, 200, 55, 109, 141, 213, 78, 169, 108, 86, 244, 112, 101, 122, 174, 8, 186, 120, 37, 46, 28, 166, 99, 198, 232, 221, 116, 63, 75, 153, 139, 138, 118, 62, 181, 102, 215, 3, 246, 14, 97, 53, 87, 185, 134, 193, 29, 158, 225, 248, 152, 17, 183, 49, 142, 148, 155, 30, 189, 233, 85, 65, 40, 223, 252, 161, 191, 13, 234, 230, 66, 104, 15, 176, 45, 187, 135, 84, 106, 22, 

229, 124, 119, 123, 242, 107, 111, 202, 80, 1, 103, 43, 254, 215, 171, 118, 197, 235, 201, 92, 250, 89, 71, 240, 173, 212, 224, 175, 156, 164, 216, 192, 183, 253, 48, 38, 54, 247, 63, 19, 52, 165, 134, 241, 113, 114, 49, 142, 145, 199, 35, 195, 24, 150, 5, 154, 7, 18, 128, 226, 130, 39, 178, 117, 9, 131, 44, 26, 27, 110, 90, 160, 82, 59, 214, 179, 41, 227, 47, 132, 83, 209, 0, 237, 32, 210, 177, 91, 106, 203, 190, 57, 74, 76, 88, 207, 208, 239, 170, 251, 67, 77, 51, 133, 69, 249, 2, 127, 147, 60, 159, 168, 81, 163, 64, 143, 221, 157, 56, 245, 188, 182, 218, 33, 16, 255, 243, 11, 205, 12, 204, 236, 95, 151, 68, 23, 196, 167, 126, 61, 100, 93, 25, 115, 96, 129, 79, 220, 34, 42, 144, 136, 70, 238, 184, 20, 222, 94, 15, 219, 234, 50, 58, 10, 73, 6, 36, 125, 194, 211, 172, 98, 4, 149, 228, 121, 231, 200, 55, 109, 141, 213, 78, 169, 108, 86, 244, 248, 101, 122, 174, 8, 186, 120, 37, 46, 28, 166, 180, 198, 232, 152, 116, 31, 75, 191, 139, 138, 112, 62, 181, 102, 72, 3, 246, 14, 97, 53, 87, 185, 252, 193, 29, 158, 225, 153, 233, 17, 105, 217, 21, 148, 155, 30, 65, 206, 135, 85, 40, 223, 140, 161, 137, 13, 230, 104, 66, 99, 22, 84, 45, 162, 176, 146, 189, 187, 

139, 124, 119, 123, 242, 81, 57, 197, 48, 16, 103, 26, 254, 21, 171, 118, 202, 68, 201, 125, 250, 89, 34, 240, 173, 233, 162, 175, 156, 164, 114, 192, 105, 253, 15, 38, 54, 63, 204, 79, 52, 165, 25, 241, 113, 216, 49, 142, 209, 199, 35, 195, 24, 150, 5, 154, 7, 18, 128, 226, 235, 39, 178, 117, 9, 131, 44, 43, 27, 110, 90, 160, 82, 59, 214, 179, 41, 227, 47, 132, 83, 4, 0, 237, 32, 53, 177, 91, 106, 203, 190, 111, 74, 76, 88, 207, 208, 239, 170, 251, 67, 77, 51, 133, 69, 249, 2, 127, 80, 60, 159, 168, 107, 163, 64, 143, 169, 157, 56, 245, 188, 182, 218, 33, 187, 255, 243, 210, 205, 12, 19, 236, 95, 151, 130, 23, 196, 167, 126, 61, 100, 93, 229, 115, 96, 129, 247, 220, 71, 42, 144, 136, 70, 238, 184, 20, 222, 94, 11, 219, 224, 50, 58, 10, 73, 6, 36, 92, 194, 211, 172, 98, 145, 149, 228, 121, 231, 200, 55, 109, 141, 213, 78, 146, 108, 86, 244, 3, 101, 122, 174, 8, 186, 120, 37, 46, 28, 166, 180, 198, 232, 221, 116, 31, 75, 189, 158, 138, 112, 62, 181, 102, 72, 152, 246, 14, 97, 17, 87, 185, 134, 193, 29, 252, 225, 248, 230, 234, 183, 217, 215, 148, 155, 30, 99, 212, 206, 85, 40, 223, 140, 161, 137, 13, 191, 147, 66, 104, 65, 153, 45, 84, 135, 1, 22, 176, 

119, 212, 97, 123, 242, 107, 36, 197, 48, 215, 103, 43, 156, 32, 171, 118, 202, 235, 201, 227, 250, 125, 71, 240, 173, 124, 162, 175, 254, 164, 114, 241, 183, 253, 132, 38, 54, 163, 85, 204, 52, 165, 229, 141, 113, 216, 49, 21, 4, 199, 35, 195, 24, 150, 5, 154, 7, 18, 128, 226, 130, 39, 178, 117, 9, 131, 44, 26, 27, 110, 90, 160, 82, 59, 214, 179, 41, 89, 47, 172, 83, 209, 0, 237, 1, 137, 177, 91, 106, 203, 190, 57, 74, 76, 88, 207, 208, 239, 170, 251, 67, 77, 51, 133, 69, 249, 2, 127, 80, 60, 159, 168, 81, 63, 64, 143, 205, 157, 56, 245, 188, 182, 218, 33, 16, 255, 243, 210, 181, 12, 19, 236, 95, 151, 68, 23, 196, 167, 126, 61, 100, 93, 25, 115, 96, 129, 79, 220, 34, 42, 144, 136, 70, 238, 184, 20, 222, 94, 11, 219, 224, 50, 58, 10, 73, 6, 111, 92, 194, 211, 147, 98, 145, 149, 228, 121, 231, 200, 55, 109, 192, 213, 78, 169, 108, 86, 244, 104, 101, 122, 174, 8, 186, 120, 37, 46, 28, 166, 180, 198, 232, 221, 116, 31, 75, 15, 139, 138, 112, 62, 22, 102, 72, 3, 246, 14, 135, 53, 87, 185, 134, 193, 29, 158, 225, 248, 152, 17, 105, 217, 142, 148, 155, 30, 206, 233, 187, 247, 40, 223, 140, 161, 230, 13, 191, 45, 66, 99, 65, 153, 252, 189, 234, 84, 146, 176, 

39, 124, 119, 250, 128, 147, 57, 197, 48, 215, 103, 46, 153, 16, 171, 118, 212, 130, 201, 125, 45, 89, 71, 240, 173, 202, 162, 175, 91, 164, 114, 192, 183, 191, 230, 38, 54, 63, 204, 74, 52, 165, 229, 241, 113, 216, 49, 21, 4, 199, 35, 195, 24, 150, 5, 154, 7, 18, 223, 226, 235, 247, 178, 117, 9, 131, 44, 26, 27, 110, 90, 160, 82, 59, 214, 179, 41, 227, 47, 132, 83, 209, 0, 237, 32, 180, 177, 156, 106, 203, 190, 111, 121, 76, 88, 207, 208, 239, 170, 251, 67, 77, 51, 133, 69, 249, 2, 127, 80, 60, 159, 168, 81, 163, 64, 143, 13, 157, 56, 245, 188, 182, 218, 33, 1, 255, 243, 210, 205, 12, 19, 236, 95, 151, 68, 23, 196, 167, 126, 61, 100, 93, 25, 115, 96, 129, 79, 220, 34, 42, 144, 136, 70, 238, 184, 20, 222, 94, 11, 219, 224, 50, 58, 10, 73, 6, 36, 92, 194, 211, 172, 98, 145, 149, 228, 252, 231, 200, 55, 109, 141, 213, 78, 169, 108, 86, 244, 138, 101, 122, 174, 8, 186, 120, 37, 43, 28, 166, 75, 198, 232, 221, 116, 31, 99, 123, 139, 140, 112, 62, 181, 102, 72, 3, 246, 14, 97, 53, 87, 185, 134, 193, 29, 158, 225, 248, 152, 17, 105, 217, 142, 148, 155, 30, 66, 233, 206, 85, 40, 242, 65, 161, 137, 176, 253, 107, 15, 104, 189, 254, 146, 22, 187, 84, 234, 135, 

217, 212, 250, 40, 242, 107, 111, 197, 48, 1, 103, 43, 254, 215, 171, 118, 202, 235, 201, 136, 139, 89, 54, 71, 87, 124, 162, 175, 156, 164, 114, 192, 167, 253, 147, 38, 240, 63, 247, 204, 52, 10, 229, 241, 113, 216, 49, 21, 145, 199, 35, 195, 24, 150, 5, 154, 7, 18, 128, 226, 130, 39, 178, 117, 9, 131, 44, 26, 27, 110, 90, 160, 82, 59, 214, 179, 41, 227, 47, 132, 83, 209, 0, 237, 32, 126, 177, 91, 106, 203, 190, 57, 74, 76, 88, 207, 208, 239, 170, 251, 67, 77, 51, 133, 69, 249, 2, 127, 80, 60, 159, 168, 81, 163, 64, 143, 121, 157, 56, 245, 188, 182, 218, 33, 16, 255, 243, 210, 205, 12, 19, 236, 95, 151, 68, 23, 196, 183, 75, 61, 100, 93, 25, 115, 96, 129, 79, 220, 34, 42, 144, 125, 70, 238, 184, 20, 222, 94, 11, 219, 224, 50, 58, 165, 73, 6, 36, 92, 194, 211, 172, 98, 4, 149, 228, 233, 231, 200, 55, 109, 141, 213, 78, 169, 108, 86, 244, 14, 101, 122, 174, 8, 186, 120, 37, 46, 28, 166, 180, 198, 232, 221, 116, 31, 135, 246, 119, 138, 112, 62, 181, 102, 72, 3, 158, 161, 97, 53, 173, 185, 134, 193, 29, 123, 225, 248, 152, 17, 105, 148, 142, 189, 155, 30, 66, 13, 206, 85, 99, 223, 140, 146, 137, 22, 191, 230, 176, 104, 65, 153, 45, 15, 187, 84, 252, 234, 

149, 124, 119, 123, 128, 205, 57, 197, 48, 1, 97, 171, 254, 215, 43, 162, 202, 130, 201, 75, 236, 86, 59, 240, 24, 212, 118, 175, 156, 164, 114, 15, 183, 253, 147, 38, 71, 63, 204, 247, 52, 106, 229, 241, 113, 216, 49, 21, 4, 199, 35, 195, 173, 150, 5, 154, 7, 18, 242, 226, 235, 39, 178, 117, 9, 131, 44, 26, 27, 110, 90, 160, 82, 54, 214, 179, 41, 227, 47, 132, 83, 209, 0, 237, 32, 221, 177, 91, 165, 203, 190, 111, 74, 76, 88, 207, 208, 239, 170, 251, 67, 77, 51, 133, 69, 249, 2, 127, 80, 60, 159, 168, 81, 163, 64, 143, 98, 157, 56, 245, 188, 182, 218, 33, 16, 255, 243, 210, 107, 12, 19, 250, 95, 151, 68, 23, 196, 167, 126, 61, 100, 93, 25, 115, 96, 129, 79, 220, 34, 42, 144, 125, 70, 238, 184, 20, 222, 94, 11, 219, 224, 50, 58, 10, 73, 6, 36, 92, 194, 211, 172, 102, 145, 3, 228, 121, 231, 200, 55, 109, 141, 213, 78, 169, 108, 89, 244, 153, 101, 122, 174, 8, 186, 120, 37, 46, 28, 166, 180, 198, 232, 105, 116, 31, 136, 65, 139, 138, 112, 62, 181, 29, 72, 155, 246, 14, 103, 53, 87, 185, 134, 193, 99, 158, 225, 248, 152, 17, 140, 217, 142, 148, 85, 30, 84, 233, 206, 176, 40, 223, 230, 161, 137, 13, 191, 45, 66, 104, 192, 187, 146, 189, 234, 252, 22, 135, 

170, 212, 119, 123, 214, 107, 111, 197, 48, 14, 103, 43, 84, 1, 171, 118, 202, 130, 201, 125, 250, 89, 221, 240, 173, 124, 162, 175, 156, 164, 114, 192, 238, 253, 172, 38, 54, 63, 247, 19, 52, 10, 229, 141, 113, 216, 49, 21, 4, 199, 35, 195, 24, 150, 5, 154, 7, 18, 242, 226, 235, 39, 178, 117, 9, 131, 44, 26, 27, 110, 90, 160, 82, 59, 128, 179, 41, 227, 47, 132, 83, 209, 0, 237, 32, 230, 177, 91, 165, 203, 190, 57, 74, 76, 88, 207, 208, 239, 144, 251, 67, 77, 51, 133, 69, 249, 2, 127, 80, 60, 159, 168, 81, 163, 64, 143, 206, 157, 56, 245, 188, 182, 218, 33, 16, 255, 243, 210, 205, 12, 204, 236, 95, 151, 68, 23, 196, 167, 126, 61, 100, 93, 25, 115, 96, 129, 79, 220, 34, 42, 233, 136, 70, 183, 184, 20, 222, 94, 11, 219, 224, 50, 58, 106, 73, 6, 36, 92, 194, 211, 147, 98, 145, 149, 228, 121, 231, 200, 55, 109, 241, 213, 78, 169, 108, 86, 244, 31, 101, 122, 174, 8, 186, 120, 37, 46, 28, 166, 180, 198, 232, 71, 116, 138, 75, 137, 139, 155, 112, 62, 181, 102, 72, 3, 246, 215, 97, 53, 87, 185, 134, 193, 29, 158, 225, 248, 152, 17, 105, 217, 142, 148, 153, 30, 187, 176, 15, 85, 40, 223, 140, 161, 22, 13, 191, 146, 66, 104, 65, 254, 45, 99, 234, 252, 135, 189, 

237, 124, 119, 123, 128, 147, 111, 40, 130, 1, 195, 43, 254, 215, 171, 118, 202, 113, 201, 125, 250, 89, 221, 240, 173, 212, 162, 175, 200, 44, 114, 251, 238, 253, 107, 38, 42, 63, 204, 79, 52, 165, 229, 241, 48, 216, 49, 21, 4, 199, 35, 103, 24, 150, 5, 154, 7, 18, 242, 226, 235, 39, 178, 117, 9, 131, 148, 26, 27, 110, 90, 160, 82, 59, 214, 179, 41, 227, 47, 132, 83, 209, 0, 95, 32, 143, 177, 91, 106, 203, 190, 57, 74, 76, 88, 207, 208, 239, 170, 192, 67, 77, 51, 133, 69, 249, 2, 127, 80, 60, 159, 168, 81, 163, 64, 20, 224, 157, 56, 245, 188, 182, 218, 33, 16, 255, 243, 210, 205, 12, 19, 236, 70, 151, 68, 23, 196, 167, 126, 61, 100, 93, 25, 115, 96, 129, 247, 220, 34, 54, 144, 136, 98, 183, 184, 244, 222, 94, 11, 219, 252, 50, 58, 10, 73, 6, 36, 92, 194, 211, 172, 37, 145, 149, 228, 121, 231, 120, 55, 109, 141, 213, 78, 169, 108, 86, 153, 186, 101, 122, 174, 8, 185, 156, 181, 46, 28, 166, 180, 198, 232, 71, 116, 31, 75, 189, 139, 138, 112, 62, 66, 102, 72, 3, 246, 14, 97, 53, 87, 206, 134, 193, 29, 158, 225, 248, 152, 17, 105, 217, 142, 164, 155, 30, 176, 233, 197, 85, 22, 223, 140, 161, 137, 13, 191, 230, 65, 104, 45, 146, 99, 15, 234, 84, 135, 187, 

131, 124, 250, 123, 42, 107, 111, 197, 48, 1, 103, 155, 254, 121, 171, 157, 202, 130, 201, 125, 119, 89, 71, 240, 173, 212, 162, 175, 156, 164, 114, 192, 183, 253, 147, 38, 54, 63, 247, 204, 40, 165, 229, 241, 113, 216, 49, 21, 4, 199, 35, 195, 24, 150, 5, 154, 7, 18, 128, 226, 235, 39, 178, 117, 9, 134, 44, 26, 27, 110, 90, 160, 82, 59, 214, 179, 41, 227, 47, 132, 83, 209, 0, 237, 32, 22, 177, 91, 106, 203, 190, 57, 74, 76, 88, 207, 208, 239, 170, 251, 67, 77, 51, 133, 69, 249, 2, 127, 80, 60, 159, 168, 81, 163, 64, 143, 198, 118, 56, 245, 188, 182, 218, 33, 16, 255, 243, 210, 205, 12, 19, 236, 95, 151, 68, 23, 196, 167, 126, 61, 100, 93, 25, 115, 96, 129, 79, 220, 34, 242, 144, 136, 70, 238, 184, 20, 222, 94, 11, 219, 224, 50, 58, 10, 73, 6, 36, 92, 194, 211, 172, 98, 145, 149, 228, 215, 231, 200, 55, 109, 141, 213, 78, 169, 108, 86, 244, 234, 101, 122, 174, 8, 186, 120, 37, 46, 28, 166, 180, 72, 232, 221, 116, 31, 75, 191, 139, 138, 112, 62, 181, 102, 104, 3, 246, 14, 97, 53, 87, 185, 230, 193, 29, 158, 225, 248, 152, 17, 105, 217, 142, 148, 43, 30, 135, 233, 206, 85, 52, 223, 140, 161, 137, 13, 66, 99, 252, 65, 153, 146, 45, 15, 176, 84, 189, 187, 

229, 124, 236, 123, 128, 107, 111, 197, 199, 1, 103, 43, 153, 215, 171, 118, 202, 68, 201, 125, 250, 89, 71, 240, 173, 212, 90, 175, 120, 164, 216, 192, 183, 253, 147, 38, 54, 63, 79, 204, 40, 10, 8, 241, 113, 114, 49, 21, 4, 48, 35, 195, 24, 150, 5, 154, 7, 18, 223, 226, 235, 39, 178, 117, 9, 131, 44, 26, 27, 110, 162, 160, 82, 59, 214, 179, 41, 227, 47, 132, 83, 209, 0, 237, 32, 14, 177, 91, 106, 203, 190, 57, 74, 76, 88, 207, 208, 239, 170, 251, 67, 77, 51, 133, 69, 249, 2, 127, 80, 60, 159, 168, 81, 163, 64, 143, 112, 157, 56, 245, 188, 182, 218, 33, 16, 255, 243, 210, 205, 12, 19, 119, 95, 151, 17, 23, 196, 167, 126, 61, 100, 93, 25, 115, 96, 129, 247, 220, 34, 42, 144, 136, 70, 238, 184, 20, 222, 94, 11, 219, 224, 50, 58, 109, 73, 6, 36, 92, 194, 211, 172, 98, 145, 149, 228, 121, 231, 200, 55, 165, 141, 213, 78, 169, 108, 86, 244, 146, 101, 122, 174, 246, 186, 156, 37, 46, 28, 166, 180, 198, 232, 221, 116, 31, 75, 105, 139, 138, 248, 62, 181, 102, 72, 3, 30, 230, 97, 53, 87, 185, 134, 193, 29, 158, 225, 130, 152, 22, 187, 217, 142, 148, 155, 85, 65, 233, 206, 234, 52, 242, 140, 161, 137, 13, 191, 99, 66, 104, 45, 254, 252, 15, 189, 84, 135, 176, 

122, 124, 119, 123, 242, 107, 36, 197, 48, 1, 103, 155, 254, 215, 171, 105, 62, 130, 201, 125, 250, 89, 221, 240, 173, 212, 162, 175, 133, 164, 114, 192, 183, 253, 147, 38, 54, 63, 134, 204, 52, 165, 229, 141, 113, 4, 49, 21, 66, 199, 35, 195, 24, 150, 5, 154, 7, 18, 128, 226, 235, 39, 178, 117, 9, 131, 44, 26, 27, 110, 90, 160, 82, 59, 214, 179, 41, 227, 47, 132, 83, 209, 0, 237, 32, 11, 177, 91, 106, 203, 190, 57, 74, 76, 88, 207, 208, 239, 170, 251, 67, 77, 51, 156, 69, 249, 2, 127, 80, 60, 159, 168, 81, 163, 64, 143, 246, 157, 56, 245, 188, 182, 218, 33, 16, 255, 243, 210, 205, 12, 19, 236, 95, 151, 68, 23, 196, 167, 161, 61, 100, 93, 25, 115, 96, 129, 247, 220, 34, 42, 144, 136, 70, 238, 184, 20, 222, 94, 86, 219, 224, 50, 58, 10, 73, 6, 111, 92, 194, 211, 172, 98, 145, 149, 228, 121, 231, 200, 55, 109, 241, 213, 78, 169, 108, 187, 244, 186, 101, 126, 174, 8, 118, 120, 37, 46, 28, 166, 180, 198, 232, 71, 116, 31, 75, 29, 139, 138, 112, 202, 181, 102, 72, 3, 148, 14, 97, 53, 87, 185, 79, 193, 234, 158, 225, 248, 152, 17, 85, 217, 142, 15, 43, 30, 65, 233, 206, 176, 40, 223, 140, 153, 137, 13, 191, 230, 216, 104, 99, 252, 45, 189, 146, 84, 22, 135, 

111, 124, 119, 123, 42, 107, 36, 197, 48, 121, 195, 43, 254, 1, 77, 118, 202, 130, 201, 89, 250, 125, 71, 240, 173, 212, 162, 175, 156, 164, 223, 192, 183, 253, 147, 38, 54, 63, 154, 204, 52, 165, 229, 249, 113, 216, 217, 21, 66, 199, 35, 97, 24, 150, 5, 247, 7, 18, 128, 226, 235, 39, 178, 117, 9, 131, 44, 26, 27, 110, 90, 160, 82, 59, 214, 179, 41, 227, 47, 132, 83, 209, 0, 237, 32, 108, 177, 91, 106, 203, 190, 57, 74, 76, 88, 207, 208, 239, 170, 251, 67, 171, 51, 133, 69, 241, 2, 127, 80, 60, 159, 168, 81, 163, 64, 143, 25, 157, 56, 245, 188, 182, 218, 33, 16, 255, 243, 210, 205, 12, 19, 236, 95, 151, 68, 23, 196, 167, 126, 61, 100, 93, 46, 115, 96, 129, 79, 220, 34, 242, 144, 136, 70, 238, 184, 20, 222, 94, 11, 219, 224, 50, 58, 10, 73, 6, 189, 92, 194, 211, 172, 98, 145, 149, 228, 215, 231, 200, 55, 109, 141, 213, 78, 169, 187, 86, 244, 181, 101, 122, 174, 8, 186, 120, 37, 14, 28, 166, 180, 198, 232, 221, 116, 31, 75, 102, 139, 138, 112, 62, 233, 114, 72, 3, 246, 185, 103, 53, 87, 146, 134, 193, 29, 158, 225, 248, 152, 17, 105, 49, 142, 148, 155, 30, 15, 99, 206, 85, 40, 137, 140, 161, 153, 13, 191, 230, 4, 104, 65, 45, 176, 234, 252, 84, 135, 22, 

206, 124, 119, 123, 242, 147, 57, 197, 48, 1, 103, 43, 254, 72, 77, 248, 202, 130, 201, 75, 250, 89, 71, 240, 173, 233, 162, 175, 156, 94, 188, 192, 183, 253, 107, 38, 54, 163, 204, 79, 52, 165, 229, 241, 110, 216, 49, 21, 4, 199, 35, 195, 24, 150, 5, 154, 7, 18, 128, 226, 235, 39, 178, 117, 9, 131, 44, 26, 27, 113, 90, 160, 82, 59, 214, 179, 41, 227, 47, 132, 83, 209, 0, 237, 215, 61, 177, 91, 106, 203, 190, 111, 74, 76, 88, 207, 208, 239, 170, 251, 67, 105, 51, 133, 69, 249, 2, 127, 80, 60, 159, 168, 81, 63, 64, 143, 193, 157, 56, 245, 114, 182, 218, 33, 16, 255, 243, 210, 205, 12, 19, 236, 95, 151, 68, 23, 196, 167, 126, 186, 100, 93, 25, 115, 212, 129, 247, 220, 34, 42, 144, 136, 70, 238, 184, 20, 222, 164, 11, 219, 224, 50, 58, 10, 73, 6, 36, 92, 194, 211, 172, 98, 145, 149, 228, 121, 231, 200, 55, 109, 141, 213, 78, 169, 108, 86, 244, 225, 101, 122, 174, 8, 118, 120, 37, 46, 28, 166, 180, 198, 232, 221, 116, 31, 125, 139, 155, 138, 112, 62, 181, 102, 32, 3, 246, 14, 97, 53, 87, 185, 134, 22, 29, 158, 65, 230, 152, 17, 171, 217, 142, 148, 66, 30, 146, 96, 45, 85, 40, 223, 140, 161, 137, 13, 191, 189, 104, 84, 234, 153, 135, 15, 176, 252, 187, 99, 

112, 194, 119, 242, 123, 107, 78, 5, 48, 1, 171, 43, 254, 215, 105, 118, 202, 130, 201, 136, 250, 89, 71, 240, 173, 212, 162, 175, 91, 164, 114, 192, 183, 253, 172, 38, 84, 63, 204, 134, 60, 165, 229, 241, 113, 3, 49, 21, 4, 199, 35, 195, 24, 150, 197, 154, 7, 18, 128, 226, 235, 39, 178, 103, 9, 131, 44, 26, 27, 110, 90, 160, 82, 59, 214, 179, 41, 227, 47, 132, 83, 209, 0, 237, 32, 97, 177, 156, 106, 203, 190, 111, 74, 76, 88, 207, 208, 239, 170, 251, 67, 77, 51, 133, 69, 249, 2, 127, 80, 52, 159, 168, 81, 163, 64, 143, 129, 157, 56, 245, 188, 182, 218, 33, 16, 255, 243, 210, 205, 12, 19, 236, 95, 151, 68, 23, 196, 167, 126, 61, 100, 93, 25, 115, 96, 101, 79, 220, 34, 42, 144, 125, 70, 238, 184, 20, 222, 94, 11, 219, 224, 50, 58, 10, 73, 6, 36, 92, 124, 211, 147, 98, 145, 149, 228, 121, 231, 200, 55, 109, 141, 213, 57, 169, 108, 86, 244, 54, 102, 122, 174, 8, 186, 120, 37, 46, 28, 166, 180, 198, 232, 221, 116, 31, 75, 206, 139, 138, 152, 62, 181, 15, 72, 216, 246, 14, 99, 53, 87, 185, 247, 193, 29, 158, 225, 248, 17, 146, 117, 217, 142, 148, 155, 30, 13, 233, 234, 85, 40, 223, 140, 161, 137, 104, 191, 230, 66, 135, 65, 153, 45, 22, 187, 252, 189, 176, 

162, 124, 119, 123, 242, 6, 57, 197, 48, 91, 103, 46, 254, 215, 171, 118, 202, 130, 54, 125, 250, 86, 71, 201, 173, 212, 252, 175, 200, 44, 114, 192, 183, 253, 132, 38, 240, 63, 204, 154, 52, 99, 229, 241, 45, 216, 49, 21, 4, 199, 35, 195, 24, 150, 5, 247, 7, 18, 128, 226, 235, 39, 178, 117, 9, 131, 164, 43, 27, 110, 90, 160, 82, 59, 214, 179, 41, 227, 47, 147, 83, 209, 0, 237, 32, 146, 177, 156, 106, 203, 190, 111, 74, 76, 88, 207, 208, 239, 170, 251, 67, 77, 51, 133, 69, 249, 2, 127, 80, 60, 159, 168, 81, 163, 64, 143, 228, 157, 56, 245, 188, 182, 218, 33, 16, 255, 243, 210, 205, 12, 19, 236, 95, 151, 68, 23, 196, 167, 126, 61, 100, 93, 25, 115, 96, 129, 79, 220, 34, 42, 144, 136, 70, 238, 184, 20, 222, 94, 11, 219, 224, 50, 58, 10, 73, 107, 36, 92, 194, 211, 172, 98, 145, 149, 244, 121, 231, 1, 55, 109, 141, 213, 78, 169, 108, 89, 206, 187, 101, 122, 174, 8, 186, 120, 37, 26, 28, 166, 180, 198, 232, 221, 116, 31, 75, 17, 139, 138, 112, 62, 181, 102, 72, 3, 246, 14, 97, 53, 87, 185, 134, 193, 29, 158, 225, 248, 152, 66, 105, 217, 142, 148, 155, 30, 189, 233, 85, 137, 40, 223, 140, 161, 234, 13, 191, 230, 84, 104, 65, 153, 113, 15, 22, 135, 165, 176, 

124, 43, 223, 49, 76, 148, 91, 232, 65, 155, 213, 171, 229, 234, 185, 126, 253, 75, 27, 144, 33, 142, 55, 237, 143, 125, 72, 243, 202, 96, 191, 197, 225, 80, 178, 120, 90, 194, 103, 87, 242, 174, 128, 217, 209, 16, 200, 192, 123, 130, 11, 196, 150, 212, 182, 28, 42, 6, 249, 149, 30, 68, 57, 231, 29, 110, 172, 215, 146, 132, 203, 168, 20, 85, 218, 169, 254, 184, 32, 1, 164, 60, 220, 163, 67, 183, 193, 53, 211, 56, 36, 77, 139, 51, 10, 118, 116, 45, 31, 24, 83, 39, 44, 239, 62, 95, 34, 48, 112, 151, 166, 15, 66, 175, 105, 177, 18, 117, 235, 156, 206, 159, 160, 241, 119, 250, 106, 188, 7, 13, 226, 136, 141, 162, 109, 5, 176, 73, 12, 52, 251, 104, 22, 64, 79, 86, 181, 82, 161, 247, 70, 46, 224, 233, 99, 122, 227, 41, 214, 158, 100, 38, 94, 93, 154, 61, 240, 81, 186, 0, 205, 74, 59, 238, 54, 138, 165, 198, 207, 89, 63, 17, 208, 244, 47, 199, 26, 246, 88, 121, 2, 19, 216, 222, 107, 14, 236, 25, 140, 204, 9, 190, 131, 157, 147, 195, 35, 170, 228, 187, 3, 210, 101, 127, 189, 98, 173, 58, 21, 133, 69, 102, 71, 40, 135, 180, 111, 97, 167, 230, 115, 201, 4, 255, 129, 252, 92, 221, 113, 50, 8, 134, 245, 153, 37, 179, 145, 219, 248, 23, 152, 84, 137, 108, 78, 114, 

122, 255, 133, 125, 241, 204, 218, 33, 145, 215, 1, 159, 200, 190, 76, 48, 211, 184, 178, 61, 68, 8, 172, 118, 222, 154, 84, 210, 193, 56, 105, 175, 127, 249, 53, 96, 207, 185, 247, 187, 34, 134, 35, 183, 129, 194, 166, 243, 179, 65, 46, 36, 81, 208, 192, 69, 113, 117, 149, 225, 83, 39, 132, 197, 90, 5, 119, 102, 167, 80, 253, 37, 18, 23, 6, 73, 77, 22, 227, 99, 108, 124, 63, 32, 94, 251, 97, 100, 11, 147, 162, 19, 0, 242, 152, 24, 245, 109, 173, 72, 177, 223, 51, 38, 135, 216, 142, 40, 202, 57, 75, 201, 199, 74, 236, 31, 136, 47, 110, 168, 219, 21, 114, 87, 244, 181, 254, 64, 146, 188, 2, 92, 42, 121, 186, 155, 115, 16, 9, 198, 232, 25, 66, 41, 174, 176, 62, 13, 189, 49, 101, 111, 137, 164, 230, 248, 98, 148, 156, 91, 220, 10, 59, 67, 214, 52, 7, 79, 126, 107, 213, 45, 93, 191, 171, 224, 206, 85, 158, 50, 238, 29, 106, 252, 229, 195, 180, 112, 240, 95, 234, 153, 237, 104, 26, 20, 239, 58, 89, 71, 70, 88, 169, 143, 161, 139, 203, 228, 123, 233, 120, 196, 27, 163, 205, 246, 151, 130, 128, 165, 60, 30, 209, 212, 141, 250, 157, 226, 4, 140, 217, 116, 170, 54, 103, 15, 235, 12, 182, 43, 150, 221, 14, 231, 17, 3, 138, 55, 78, 44, 86, 160, 28, 144, 131, 82, 

122, 255, 133, 125, 241, 204, 218, 33, 145, 215, 1, 159, 200, 190, 76, 48, 211, 184, 178, 61, 68, 8, 172, 118, 222, 154, 84, 210, 193, 56, 105, 175, 127, 249, 53, 96, 207, 185, 247, 187, 34, 134, 35, 183, 129, 194, 166, 243, 179, 65, 46, 36, 81, 208, 192, 69, 113, 117, 149, 225, 83, 39, 132, 197, 90, 5, 119, 102, 167, 80, 253, 37, 18, 23, 6, 73, 77, 22, 227, 99, 108, 124, 63, 32, 94, 251, 97, 100, 11, 147, 162, 19, 0, 242, 152, 24, 245, 109, 173, 72, 177, 223, 51, 38, 135, 216, 142, 40, 202, 57, 75, 201, 199, 74, 236, 31, 136, 47, 110, 168, 219, 21, 114, 87, 244, 181, 254, 64, 146, 188, 2, 92, 42, 121, 186, 155, 115, 16, 9, 198, 232, 25, 66, 41, 174, 176, 62, 13, 189, 49, 101, 111, 137, 164, 230, 248, 98, 148, 156, 91, 220, 10, 59, 67, 214, 52, 7, 79, 126, 107, 213, 45, 93, 191, 171, 224, 206, 85, 158, 50, 238, 29, 106, 252, 229, 195, 180, 112, 240, 95, 234, 153, 237, 104, 26, 20, 239, 58, 89, 71, 70, 88, 169, 143, 161, 139, 203, 228, 123, 233, 120, 196, 27, 163, 205, 246, 151, 130, 128, 165, 60, 30, 209, 212, 141, 250, 157, 226, 4, 140, 217, 116, 170, 54, 103, 15, 235, 12, 182, 43, 150, 221, 14, 231, 17, 3, 138, 55, 78, 44, 86, 160, 28, 144, 131, 82, 

50, 193, 153, 64, 108, 168, 113, 197, 72, 79, 116, 207, 127, 67, 225, 86, 53, 180, 130, 250, 134, 144, 230, 236, 182, 224, 238, 22, 69, 11, 16, 14, 143, 122, 87, 19, 188, 216, 213, 152, 88, 227, 129, 131, 45, 179, 43, 212, 183, 39, 104, 5, 120, 232, 234, 161, 58, 75, 219, 8, 126, 160, 62, 70, 165, 173, 240, 17, 145, 255, 112, 15, 89, 176, 10, 28, 102, 228, 164, 147, 246, 162, 135, 214, 136, 106, 220, 138, 151, 237, 223, 139, 41, 215, 55, 158, 198, 59, 141, 47, 23, 195, 184, 74, 221, 110, 208, 248, 217, 186, 204, 175, 82, 170, 92, 174, 99, 84, 247, 203, 254, 25, 140, 107, 105, 155, 149, 242, 34, 123, 211, 46, 40, 80, 181, 243, 154, 71, 96, 33, 56, 121, 66, 146, 202, 137, 185, 26, 233, 4, 52, 31, 77, 167, 94, 196, 49, 24, 148, 57, 21, 32, 60, 0, 42, 114, 157, 209, 91, 18, 93, 156, 128, 210, 101, 7, 118, 249, 38, 29, 150, 187, 83, 222, 163, 201, 191, 100, 190, 171, 103, 245, 95, 90, 119, 97, 218, 115, 132, 253, 63, 9, 98, 81, 205, 51, 133, 169, 235, 36, 65, 172, 178, 35, 30, 231, 76, 166, 199, 73, 1, 37, 54, 2, 189, 48, 78, 27, 6, 12, 239, 244, 206, 44, 241, 229, 159, 251, 117, 192, 3, 13, 125, 252, 20, 194, 61, 85, 124, 109, 68, 226, 200, 111, 177, 142, 

120, 136, 241, 60, 190, 46, 212, 144, 37, 147, 75, 184, 47, 65, 213, 149, 23, 155, 70, 245, 145, 17, 188, 133, 254, 187, 33, 224, 78, 63, 100, 177, 107, 86, 162, 130, 186, 229, 142, 148, 25, 173, 132, 255, 234, 8, 80, 111, 62, 66, 19, 216, 84, 29, 13, 206, 202, 12, 87, 252, 122, 42, 32, 189, 101, 11, 41, 209, 26, 4, 219, 5, 10, 129, 48, 109, 54, 243, 57, 236, 45, 79, 51, 89, 196, 153, 201, 124, 208, 179, 163, 126, 134, 110, 92, 125, 253, 205, 58, 218, 88, 223, 182, 217, 72, 215, 211, 40, 180, 91, 16, 128, 90, 56, 14, 35, 250, 28, 123, 178, 139, 198, 83, 52, 99, 157, 39, 199, 104, 74, 183, 151, 228, 15, 106, 116, 34, 1, 117, 195, 71, 171, 105, 203, 233, 181, 96, 0, 103, 9, 31, 200, 231, 143, 249, 168, 242, 20, 27, 248, 164, 3, 49, 55, 150, 207, 175, 76, 121, 2, 176, 246, 146, 238, 227, 93, 240, 81, 44, 36, 30, 141, 237, 127, 251, 50, 230, 244, 169, 221, 95, 247, 113, 166, 165, 194, 98, 131, 204, 38, 193, 115, 137, 154, 210, 43, 118, 222, 77, 82, 21, 174, 61, 220, 161, 67, 24, 59, 172, 170, 6, 167, 239, 152, 226, 192, 102, 69, 185, 235, 53, 114, 18, 159, 119, 108, 156, 22, 197, 140, 64, 68, 112, 7, 135, 138, 94, 225, 97, 73, 158, 191, 85, 232, 214, 160, 

134, 117, 77, 170, 252, 62, 95, 239, 19, 242, 82, 47, 64, 212, 144, 130, 13, 159, 214, 172, 56, 32, 1, 251, 233, 217, 174, 149, 135, 201, 94, 224, 162, 136, 147, 4, 75, 57, 161, 238, 3, 189, 30, 50, 155, 5, 42, 227, 198, 231, 25, 186, 196, 160, 247, 154, 184, 39, 178, 46, 45, 12, 101, 153, 167, 124, 243, 250, 125, 103, 100, 190, 63, 249, 222, 48, 44, 230, 114, 165, 122, 219, 185, 65, 0, 16, 88, 54, 108, 253, 226, 21, 92, 36, 58, 7, 197, 71, 23, 89, 70, 60, 192, 199, 35, 248, 207, 175, 31, 80, 200, 195, 51, 26, 14, 183, 72, 202, 240, 74, 6, 176, 98, 87, 254, 81, 73, 40, 213, 234, 34, 38, 78, 225, 91, 204, 151, 193, 115, 28, 119, 9, 229, 179, 163, 171, 15, 43, 2, 244, 128, 113, 121, 236, 241, 20, 8, 11, 203, 209, 27, 127, 86, 215, 53, 129, 173, 232, 146, 191, 221, 111, 110, 187, 137, 120, 246, 41, 148, 116, 102, 235, 182, 220, 133, 157, 112, 22, 106, 123, 152, 210, 245, 194, 218, 188, 29, 206, 228, 107, 17, 237, 142, 141, 99, 164, 109, 158, 118, 139, 223, 84, 33, 105, 55, 69, 68, 131, 143, 97, 93, 216, 145, 37, 166, 76, 138, 59, 85, 180, 150, 49, 24, 52, 18, 126, 10, 169, 83, 90, 66, 168, 132, 205, 181, 177, 156, 140, 211, 208, 96, 255, 61, 79, 67, 104, 

43, 94, 104, 159, 52, 119, 74, 202, 235, 212, 107, 60, 176, 10, 148, 128, 200, 130, 216, 32, 23, 28, 139, 40, 174, 206, 199, 184, 140, 155, 234, 244, 157, 25, 149, 250, 237, 54, 49, 27, 1, 221, 220, 163, 122, 44, 254, 236, 241, 225, 229, 92, 204, 191, 84, 33, 179, 223, 123, 57, 0, 22, 171, 70, 247, 89, 17, 5, 194, 118, 112, 218, 100, 82, 21, 197, 230, 3, 242, 99, 67, 35, 222, 246, 116, 4, 147, 88, 91, 15, 209, 39, 30, 78, 228, 214, 121, 59, 125, 26, 253, 102, 243, 146, 42, 71, 51, 135, 65, 113, 165, 189, 215, 186, 249, 141, 114, 111, 248, 86, 101, 172, 103, 106, 192, 183, 251, 131, 11, 126, 193, 68, 62, 153, 129, 8, 162, 137, 87, 252, 115, 9, 188, 79, 31, 185, 63, 207, 29, 80, 12, 76, 6, 38, 195, 227, 24, 105, 245, 36, 226, 156, 34, 16, 45, 7, 208, 56, 158, 196, 136, 46, 152, 180, 173, 13, 170, 2, 151, 167, 178, 154, 161, 138, 144, 75, 132, 201, 255, 150, 55, 53, 77, 205, 14, 203, 73, 164, 95, 182, 50, 239, 81, 20, 90, 238, 160, 142, 64, 110, 134, 93, 108, 72, 124, 41, 85, 213, 133, 219, 143, 198, 97, 187, 47, 169, 168, 231, 61, 19, 175, 58, 48, 211, 224, 37, 181, 96, 66, 217, 145, 117, 120, 166, 127, 98, 177, 109, 83, 190, 210, 233, 18, 232, 240, 69, 

74, 89, 113, 158, 35, 143, 127, 205, 239, 252, 84, 58, 81, 0, 148, 80, 235, 93, 21, 174, 64, 131, 2, 26, 151, 213, 212, 222, 210, 134, 79, 192, 182, 28, 179, 20, 220, 253, 37, 225, 63, 188, 241, 77, 49, 43, 29, 5, 242, 215, 41, 218, 196, 255, 191, 206, 216, 102, 100, 22, 65, 203, 230, 110, 176, 83, 121, 231, 217, 96, 103, 142, 98, 70, 1, 229, 106, 71, 132, 99, 82, 9, 211, 67, 112, 34, 204, 53, 75, 52, 227, 199, 92, 254, 169, 11, 138, 19, 155, 40, 8, 24, 13, 163, 135, 50, 240, 117, 184, 178, 126, 226, 139, 122, 247, 185, 237, 194, 109, 60, 183, 228, 25, 140, 202, 157, 154, 125, 62, 147, 108, 33, 114, 136, 6, 224, 129, 150, 180, 85, 16, 61, 30, 246, 168, 149, 68, 130, 221, 56, 144, 160, 15, 145, 197, 195, 236, 119, 208, 45, 12, 166, 48, 105, 36, 78, 244, 32, 193, 128, 141, 55, 42, 116, 3, 198, 124, 76, 245, 72, 39, 189, 223, 87, 47, 59, 152, 248, 120, 31, 187, 4, 162, 90, 27, 73, 51, 200, 177, 173, 38, 57, 243, 46, 190, 153, 101, 172, 201, 161, 165, 249, 7, 209, 69, 123, 118, 186, 171, 214, 156, 181, 54, 91, 175, 17, 146, 219, 97, 167, 104, 95, 170, 18, 232, 86, 44, 238, 250, 111, 207, 137, 164, 66, 234, 10, 88, 107, 14, 133, 159, 233, 251, 115, 23, 94, 

74, 89, 113, 158, 35, 143, 127, 205, 239, 106, 84, 58, 81, 0, 148, 80, 235, 204, 21, 174, 64, 161, 2, 26, 151, 213, 212, 222, 210, 134, 79, 192, 182, 28, 179, 37, 86, 253, 45, 225, 63, 188, 241, 77, 93, 43, 29, 5, 242, 215, 41, 218, 196, 152, 191, 206, 216, 164, 66, 22, 65, 141, 147, 110, 176, 83, 61, 231, 217, 96, 230, 142, 98, 70, 1, 17, 255, 24, 184, 132, 82, 13, 211, 67, 123, 34, 54, 53, 75, 9, 227, 186, 92, 12, 71, 11, 169, 19, 155, 40, 8, 137, 175, 163, 159, 50, 240, 117, 245, 95, 126, 180, 236, 119, 247, 185, 112, 194, 47, 60, 246, 228, 154, 234, 202, 197, 220, 31, 57, 207, 15, 243, 62, 136, 36, 224, 249, 150, 48, 85, 30, 88, 33, 32, 103, 122, 68, 199, 139, 254, 144, 160, 149, 221, 250, 195, 133, 232, 208, 138, 128, 52, 114, 55, 157, 203, 105, 39, 193, 244, 177, 108, 121, 116, 56, 198, 162, 104, 51, 72, 131, 181, 100, 27, 20, 252, 214, 248, 120, 76, 109, 107, 49, 129, 201, 229, 94, 200, 190, 38, 78, 170, 135, 153, 4, 124, 101, 172, 226, 14, 165, 209, 115, 187, 130, 10, 90, 178, 6, 171, 156, 168, 146, 73, 111, 125, 118, 219, 91, 102, 251, 46, 69, 97, 166, 167, 23, 233, 18, 7, 140, 173, 44, 42, 59, 238, 99, 223, 183, 189, 3, 25, 145, 16, 87, 237, 

110, 94, 130, 143, 242, 90, 60, 61, 21, 157, 147, 207, 111, 234, 206, 153, 211, 133, 222, 158, 140, 117, 41, 235, 175, 229, 201, 179, 170, 32, 137, 30, 225, 250, 186, 105, 192, 43, 249, 191, 223, 77, 106, 109, 132, 247, 36, 169, 71, 230, 49, 76, 27, 150, 119, 166, 178, 202, 125, 243, 115, 129, 216, 126, 199, 173, 59, 195, 167, 251, 58, 220, 124, 215, 99, 214, 44, 121, 200, 162, 180, 156, 123, 141, 151, 228, 138, 144, 237, 218, 204, 82, 100, 52, 165, 102, 236, 87, 190, 172, 93, 97, 67, 98, 198, 2, 208, 135, 96, 48, 210, 171, 68, 8, 163, 17, 146, 80, 35, 114, 42, 231, 103, 39, 112, 92, 4, 168, 40, 66, 253, 183, 101, 217, 88, 161, 176, 209, 63, 252, 74, 23, 194, 116, 118, 37, 149, 64, 54, 120, 154, 212, 6, 75, 159, 29, 104, 46, 193, 188, 248, 56, 127, 205, 189, 72, 139, 38, 62, 79, 83, 164, 134, 11, 1, 34, 14, 86, 233, 78, 25, 185, 89, 3, 145, 19, 244, 246, 81, 12, 181, 254, 221, 226, 107, 15, 57, 95, 5, 155, 18, 131, 108, 47, 182, 20, 245, 152, 241, 187, 33, 240, 197, 91, 7, 232, 224, 55, 73, 177, 70, 84, 28, 255, 142, 203, 31, 45, 26, 148, 238, 113, 136, 22, 16, 10, 24, 0, 69, 239, 13, 213, 122, 53, 227, 50, 85, 160, 174, 65, 51, 184, 128, 196, 219, 9, 

115, 69, 85, 156, 204, 76, 98, 83, 40, 179, 162, 10, 49, 236, 252, 193, 222, 134, 165, 170, 110, 166, 29, 238, 157, 17, 223, 167, 173, 205, 148, 213, 202, 41, 48, 127, 195, 91, 227, 181, 54, 206, 105, 88, 129, 216, 30, 154, 228, 208, 84, 9, 174, 120, 182, 215, 231, 1, 46, 247, 61, 234, 119, 67, 245, 197, 90, 203, 194, 97, 92, 224, 113, 63, 72, 211, 59, 117, 13, 221, 210, 101, 190, 135, 163, 116, 145, 161, 122, 246, 104, 144, 133, 57, 114, 107, 199, 31, 175, 184, 60, 121, 71, 103, 164, 192, 5, 126, 14, 75, 149, 155, 77, 19, 244, 251, 124, 42, 2, 136, 191, 198, 239, 95, 180, 39, 142, 178, 200, 169, 111, 34, 50, 3, 153, 187, 131, 219, 22, 130, 82, 106, 35, 108, 143, 70, 141, 99, 0, 160, 151, 140, 18, 7, 158, 132, 218, 28, 94, 27, 217, 201, 100, 253, 65, 44, 229, 159, 146, 87, 78, 43, 86, 185, 220, 232, 214, 249, 89, 21, 37, 62, 137, 73, 147, 209, 235, 125, 138, 33, 23, 56, 16, 150, 226, 250, 242, 93, 188, 248, 66, 123, 118, 51, 96, 47, 225, 12, 80, 255, 207, 243, 64, 81, 68, 128, 177, 4, 237, 32, 26, 212, 254, 79, 168, 8, 139, 183, 20, 240, 24, 52, 112, 109, 53, 25, 230, 176, 55, 15, 11, 152, 189, 186, 172, 38, 233, 102, 196, 58, 45, 36, 6, 171, 241, 74, 

145, 119, 81, 240, 253, 68, 108, 28, 31, 249, 151, 60, 127, 216, 147, 133, 25, 228, 254, 197, 72, 56, 50, 45, 153, 219, 189, 157, 149, 13, 139, 29, 169, 93, 154, 37, 148, 103, 166, 18, 20, 162, 39, 114, 124, 14, 75, 1, 9, 44, 69, 214, 6, 180, 10, 198, 126, 90, 245, 49, 66, 54, 171, 134, 233, 125, 12, 41, 138, 172, 170, 248, 76, 0, 223, 59, 97, 244, 174, 167, 104, 237, 152, 111, 71, 17, 109, 121, 177, 5, 229, 62, 116, 184, 129, 188, 203, 74, 32, 101, 100, 158, 225, 80, 53, 247, 130, 38, 236, 181, 160, 213, 113, 143, 26, 192, 106, 220, 36, 99, 182, 187, 22, 206, 67, 85, 135, 55, 78, 57, 63, 48, 92, 183, 142, 250, 238, 196, 141, 83, 175, 23, 137, 212, 234, 222, 91, 164, 165, 52, 215, 123, 42, 156, 241, 202, 61, 201, 204, 194, 73, 3, 89, 150, 239, 82, 207, 232, 86, 115, 88, 173, 128, 19, 186, 95, 217, 105, 242, 140, 117, 243, 24, 47, 64, 161, 34, 35, 163, 185, 252, 16, 8, 70, 218, 15, 98, 84, 246, 110, 11, 65, 224, 195, 122, 231, 112, 190, 178, 2, 221, 118, 33, 132, 43, 77, 155, 4, 87, 7, 255, 226, 27, 205, 146, 176, 210, 251, 94, 120, 131, 168, 211, 96, 227, 193, 200, 230, 235, 209, 199, 144, 79, 102, 107, 51, 179, 46, 30, 208, 21, 136, 159, 58, 191, 40, 

73, 62, 209, 48, 133, 130, 91, 92, 154, 25, 134, 30, 194, 180, 161, 191, 96, 49, 100, 61, 182, 14, 40, 42, 245, 126, 118, 81, 171, 239, 122, 253, 41, 56, 128, 15, 107, 83, 199, 95, 121, 188, 236, 158, 8, 183, 34, 99, 80, 111, 45, 64, 35, 69, 185, 215, 51, 230, 67, 246, 26, 219, 93, 50, 216, 206, 189, 78, 211, 46, 3, 172, 77, 120, 136, 143, 29, 190, 47, 178, 174, 221, 152, 117, 68, 5, 16, 223, 88, 248, 176, 203, 170, 242, 192, 109, 82, 204, 139, 145, 31, 198, 116, 193, 217, 140, 138, 222, 114, 187, 237, 224, 159, 151, 19, 208, 241, 255, 112, 238, 162, 104, 163, 110, 173, 179, 147, 165, 220, 75, 249, 214, 4, 115, 74, 87, 125, 84, 201, 235, 250, 155, 226, 28, 27, 177, 227, 44, 6, 243, 94, 149, 251, 225, 54, 10, 244, 2, 65, 135, 240, 137, 229, 142, 228, 32, 76, 210, 1, 58, 60, 141, 233, 132, 119, 17, 0, 97, 113, 24, 202, 63, 234, 12, 150, 181, 79, 7, 129, 66, 166, 232, 213, 127, 184, 148, 105, 196, 186, 59, 254, 131, 39, 86, 200, 164, 124, 247, 123, 144, 207, 197, 218, 156, 38, 21, 18, 153, 108, 52, 53, 195, 89, 101, 160, 11, 20, 106, 146, 13, 71, 252, 55, 37, 36, 70, 103, 205, 9, 43, 167, 169, 72, 212, 98, 23, 22, 33, 90, 231, 102, 175, 168, 85, 157, 57, 

124, 15, 62, 252, 8, 120, 211, 104, 30, 183, 137, 232, 18, 244, 114, 205, 202, 37, 102, 171, 135, 239, 11, 230, 175, 12, 226, 190, 221, 201, 7, 166, 189, 65, 177, 235, 89, 182, 118, 82, 98, 141, 169, 195, 188, 153, 76, 197, 28, 68, 227, 44, 248, 2, 242, 29, 204, 113, 139, 207, 4, 16, 17, 229, 0, 174, 48, 159, 94, 60, 33, 167, 134, 170, 78, 193, 61, 131, 132, 91, 32, 253, 178, 216, 67, 199, 27, 222, 157, 236, 93, 179, 74, 129, 250, 22, 3, 196, 90, 26, 152, 19, 46, 88, 92, 112, 245, 42, 144, 172, 97, 58, 40, 50, 154, 43, 53, 255, 77, 5, 25, 116, 57, 208, 35, 220, 119, 14, 128, 173, 206, 9, 181, 217, 140, 203, 41, 85, 185, 109, 71, 81, 21, 69, 49, 186, 224, 163, 241, 13, 79, 45, 225, 31, 146, 6, 125, 86, 107, 254, 127, 187, 165, 210, 99, 145, 136, 200, 240, 164, 24, 56, 38, 36, 212, 194, 72, 161, 51, 234, 251, 237, 214, 111, 47, 176, 70, 105, 198, 231, 87, 59, 100, 218, 110, 143, 180, 184, 168, 34, 219, 238, 142, 155, 246, 20, 209, 162, 148, 96, 126, 39, 64, 158, 156, 83, 108, 117, 121, 151, 147, 122, 103, 23, 149, 243, 95, 215, 133, 84, 10, 150, 52, 66, 63, 228, 101, 249, 223, 123, 55, 106, 160, 192, 73, 138, 213, 115, 75, 247, 233, 54, 130, 80, 1, 191, 

87, 98, 106, 175, 218, 11, 172, 47, 155, 118, 115, 220, 19, 108, 233, 122, 166, 235, 32, 181, 154, 16, 77, 244, 24, 109, 56, 255, 248, 246, 243, 241, 124, 64, 148, 223, 138, 219, 215, 179, 48, 44, 176, 202, 134, 225, 45, 27, 245, 230, 161, 252, 201, 209, 135, 150, 133, 203, 113, 59, 79, 46, 159, 88, 211, 237, 170, 186, 213, 158, 99, 111, 239, 76, 222, 5, 141, 206, 114, 199, 198, 185, 140, 145, 163, 147, 97, 2, 0, 73, 208, 240, 10, 78, 104, 39, 23, 187, 54, 55, 38, 95, 119, 26, 249, 67, 62, 212, 178, 214, 216, 227, 254, 139, 125, 80, 128, 36, 196, 189, 144, 173, 153, 89, 126, 37, 232, 30, 50, 253, 82, 164, 71, 70, 129, 183, 42, 53, 228, 229, 3, 74, 41, 8, 204, 250, 12, 17, 182, 242, 6, 247, 103, 22, 210, 52, 31, 221, 180, 123, 14, 149, 68, 28, 174, 152, 58, 146, 234, 117, 130, 132, 9, 51, 251, 142, 120, 127, 102, 157, 217, 1, 167, 177, 72, 162, 18, 81, 194, 84, 192, 156, 92, 86, 231, 57, 236, 85, 151, 4, 40, 121, 188, 190, 91, 195, 21, 169, 29, 83, 205, 60, 13, 197, 226, 35, 207, 66, 107, 112, 93, 75, 65, 7, 105, 165, 90, 61, 49, 171, 184, 96, 43, 69, 110, 94, 168, 63, 34, 116, 160, 136, 137, 143, 100, 33, 131, 25, 20, 191, 200, 238, 224, 193, 15, 101, 

172, 206, 176, 54, 9, 162, 86, 237, 3, 193, 155, 52, 70, 22, 247, 121, 11, 213, 33, 144, 79, 208, 35, 109, 210, 28, 5, 216, 173, 7, 182, 1, 202, 71, 116, 2, 251, 119, 37, 27, 55, 197, 14, 65, 154, 222, 226, 4, 249, 239, 59, 36, 21, 230, 196, 248, 189, 44, 58, 50, 64, 225, 49, 103, 167, 108, 43, 80, 31, 42, 246, 15, 85, 88, 161, 112, 218, 203, 60, 234, 166, 214, 20, 100, 178, 75, 194, 164, 135, 97, 180, 40, 145, 133, 223, 240, 174, 245, 236, 101, 141, 95, 57, 114, 151, 113, 115, 99, 110, 68, 96, 252, 46, 143, 124, 220, 185, 170, 8, 138, 13, 17, 215, 122, 104, 152, 106, 250, 25, 118, 159, 160, 156, 169, 191, 90, 32, 212, 76, 94, 224, 38, 82, 232, 243, 107, 87, 204, 51, 171, 34, 200, 131, 187, 69, 39, 62, 6, 125, 81, 127, 0, 10, 67, 149, 209, 63, 128, 147, 23, 117, 205, 238, 111, 253, 48, 140, 84, 139, 179, 130, 158, 83, 183, 89, 93, 184, 217, 235, 26, 19, 163, 72, 105, 78, 227, 241, 175, 201, 255, 66, 211, 92, 165, 53, 228, 16, 190, 177, 61, 30, 142, 233, 198, 195, 134, 181, 219, 157, 18, 91, 24, 136, 120, 77, 74, 244, 102, 98, 126, 242, 129, 123, 199, 146, 148, 192, 47, 254, 56, 73, 229, 45, 29, 186, 137, 132, 150, 41, 153, 231, 221, 168, 207, 12, 188, 

98, 107, 111, 188, 215, 32, 191, 83, 164, 144, 124, 234, 36, 219, 1, 138, 175, 241, 63, 199, 179, 39, 101, 239, 48, 119, 73, 3, 249, 246, 240, 255, 133, 88, 172, 224, 148, 222, 213, 243, 64, 58, 114, 21, 145, 248, 60, 30, 118, 244, 217, 157, 205, 221, 150, 218, 135, 193, 112, 74, 109, 77, 15, 183, 212, 233, 173, 181, 209, 178, 115, 116, 220, 80, 232, 17, 151, 216, 117, 226, 196, 197, 134, 12, 162, 147, 97, 14, 29, 174, 121, 229, 22, 82, 52, 59, 51, 211, 89, 231, 49, 85, 170, 37, 69, 79, 65, 207, 110, 45, 46, 230, 247, 166, 7, 90, 137, 66, 185, 214, 146, 169, 104, 93, 43, 206, 251, 57, 78, 34, 71, 192, 25, 10, 131, 87, 143, 13, 26, 227, 23, 40, 47, 44, 204, 245, 19, 38, 86, 237, 18, 27, 128, 41, 152, 56, 202, 5, 155, 140, 125, 158, 171, 31, 201, 160, 238, 253, 75, 123, 149, 72, 24, 54, 252, 139, 126, 129, 70, 103, 194, 84, 208, 35, 228, 159, 182, 94, 96, 106, 42, 132, 120, 187, 153, 28, 62, 95, 180, 2, 53, 130, 184, 190, 136, 210, 163, 250, 156, 6, 189, 105, 50, 195, 92, 167, 67, 161, 0, 16, 225, 100, 4, 254, 198, 165, 11, 55, 154, 223, 186, 113, 142, 235, 8, 81, 99, 68, 91, 9, 33, 242, 108, 122, 141, 76, 168, 127, 176, 236, 61, 203, 102, 20, 177, 200, 

172, 231, 200, 70, 40, 174, 111, 232, 24, 192, 157, 65, 87, 58, 242, 140, 23, 240, 54, 148, 93, 213, 48, 123, 212, 53, 25, 224, 179, 37, 182, 21, 194, 233, 126, 29, 254, 139, 35, 57, 161, 251, 45, 82, 168, 226, 227, 17, 1, 241, 60, 44, 12, 222, 191, 7, 180, 78, 66, 135, 91, 229, 109, 121, 170, 208, 52, 95, 63, 62, 255, 197, 94, 145, 178, 117, 146, 205, 73, 250, 173, 216, 27, 103, 189, 107, 238, 10, 156, 116, 96, 50, 115, 152, 244, 5, 169, 56, 230, 105, 252, 106, 171, 130, 113, 133, 122, 132, 112, 80, 246, 184, 235, 165, 131, 223, 204, 186, 88, 154, 36, 32, 68, 166, 34, 155, 41, 14, 207, 228, 158, 39, 185, 218, 19, 75, 31, 195, 85, 18, 150, 49, 183, 187, 245, 110, 92, 61, 120, 225, 144, 196, 137, 188, 119, 76, 77, 33, 129, 153, 2, 9, 43, 72, 86, 201, 160, 102, 125, 221, 67, 38, 237, 234, 177, 209, 71, 55, 138, 175, 247, 159, 97, 176, 15, 79, 127, 206, 8, 236, 30, 59, 100, 190, 64, 163, 51, 22, 219, 239, 81, 220, 99, 26, 214, 193, 98, 149, 108, 248, 118, 143, 162, 141, 89, 90, 114, 147, 4, 136, 199, 101, 134, 211, 47, 20, 74, 104, 210, 3, 151, 16, 69, 215, 46, 203, 243, 13, 202, 0, 253, 198, 42, 83, 6, 181, 249, 142, 28, 164, 124, 128, 84, 217, 11, 167, 

236, 182, 191, 117, 80, 67, 41, 169, 64, 149, 231, 106, 247, 39, 238, 202, 214, 123, 213, 43, 228, 226, 28, 127, 72, 110, 95, 74, 70, 109, 19, 121, 178, 196, 17, 88, 49, 156, 173, 115, 131, 32, 172, 244, 165, 79, 137, 227, 108, 145, 99, 159, 167, 210, 34, 252, 194, 124, 113, 86, 239, 119, 181, 146, 59, 255, 142, 190, 216, 62, 37, 129, 138, 241, 60, 230, 66, 73, 220, 69, 97, 217, 198, 81, 168, 150, 224, 10, 78, 245, 101, 140, 240, 133, 57, 33, 93, 158, 229, 65, 235, 219, 63, 139, 183, 76, 163, 222, 27, 26, 184, 253, 51, 174, 15, 21, 223, 179, 40, 166, 233, 58, 134, 164, 16, 246, 232, 44, 170, 25, 29, 206, 176, 46, 125, 248, 38, 207, 100, 20, 71, 24, 52, 243, 141, 205, 82, 61, 53, 189, 112, 197, 35, 177, 254, 237, 144, 102, 204, 30, 114, 11, 75, 55, 85, 31, 188, 118, 225, 251, 5, 92, 215, 155, 45, 221, 161, 18, 90, 14, 212, 126, 116, 104, 128, 94, 50, 143, 201, 250, 107, 2, 160, 153, 151, 186, 42, 180, 199, 203, 47, 56, 132, 200, 1, 91, 54, 175, 135, 185, 162, 154, 7, 68, 9, 8, 111, 84, 136, 22, 120, 103, 122, 209, 242, 208, 147, 0, 211, 13, 36, 6, 187, 3, 12, 23, 249, 195, 89, 218, 157, 4, 234, 105, 87, 152, 96, 98, 77, 83, 48, 130, 171, 148, 193, 192, 

239, 124, 119, 207, 242, 107, 57, 197, 192, 1, 103, 249, 254, 215, 126, 162, 202, 68, 201, 75, 250, 89, 71, 240, 173, 212, 118, 175, 156, 164, 102, 48, 178, 253, 147, 151, 66, 63, 204, 247, 52, 10, 229, 241, 113, 183, 217, 21, 4, 199, 35, 195, 24, 150, 5, 154, 7, 18, 128, 226, 235, 39, 216, 117, 9, 131, 44, 26, 27, 110, 90, 160, 82, 59, 214, 179, 41, 227, 47, 132, 83, 209, 0, 237, 32, 172, 177, 91, 106, 203, 190, 111, 74, 76, 88, 123, 208, 3, 170, 251, 67, 77, 51, 133, 69, 43, 2, 127, 80, 60, 159, 168, 81, 163, 64, 143, 225, 157, 56, 245, 188, 182, 218, 33, 16, 255, 243, 210, 205, 12, 19, 236, 95, 38, 130, 23, 196, 167, 171, 61, 100, 93, 25, 115, 96, 129, 79, 220, 34, 42, 144, 136, 70, 238, 184, 20, 222, 94, 11, 219, 224, 50, 58, 165, 73, 6, 36, 92, 194, 211, 87, 98, 145, 149, 228, 121, 231, 200, 55, 109, 141, 213, 78, 169, 108, 86, 244, 54, 101, 122, 174, 8, 186, 120, 37, 46, 28, 166, 180, 198, 232, 221, 116, 31, 125, 15, 139, 138, 112, 62, 181, 114, 72, 135, 246, 14, 97, 53, 45, 185, 134, 193, 29, 158, 142, 248, 152, 17, 105, 49, 30, 148, 155, 189, 234, 233, 206, 85, 40, 223, 140, 161, 137, 13, 191, 230, 22, 104, 65, 153, 84, 146, 187, 176, 252, 99, 

177, 214, 137, 130, 243, 37, 183, 110, 234, 3, 47, 123, 224, 205, 207, 91, 78, 165, 189, 104, 157, 13, 136, 176, 203, 181, 124, 67, 50, 107, 109, 53, 153, 252, 106, 200, 156, 144, 250, 198, 31, 150, 129, 215, 135, 30, 245, 158, 113, 154, 45, 102, 62, 191, 127, 228, 226, 125, 143, 7, 149, 46, 151, 35, 61, 65, 141, 44, 128, 97, 194, 95, 49, 155, 74, 21, 64, 111, 166, 117, 105, 161, 10, 178, 71, 81, 246, 101, 66, 175, 94, 41, 9, 186, 253, 36, 170, 160, 182, 174, 2, 87, 55, 80, 112, 231, 89, 168, 202, 68, 120, 145, 197, 115, 190, 83, 185, 192, 29, 204, 219, 93, 159, 201, 22, 213, 121, 43, 56, 122, 19, 152, 171, 134, 119, 84, 75, 222, 59, 1, 24, 85, 52, 167, 148, 255, 206, 100, 140, 57, 69, 248, 238, 195, 241, 28, 103, 193, 162, 98, 244, 33, 60, 116, 169, 63, 27, 146, 73, 25, 242, 254, 99, 86, 77, 225, 220, 34, 163, 18, 5, 72, 4, 108, 139, 96, 208, 76, 90, 126, 133, 42, 6, 239, 79, 142, 0, 23, 147, 131, 217, 233, 221, 249, 70, 210, 14, 172, 229, 8, 247, 40, 82, 17, 235, 223, 218, 187, 114, 240, 236, 188, 184, 251, 216, 180, 54, 212, 32, 237, 227, 11, 20, 138, 199, 16, 92, 209, 211, 48, 15, 118, 173, 88, 51, 26, 39, 58, 196, 230, 179, 164, 232, 12, 38, 132, 


